HR    25,2.3526670558199996,-45.74742390816,3.869999885559082,4.889999866485596,K0III
HR    39,3.3089681209050004,15.18359842959389,2.8399999141693115,2.609999895095825,B2IV
HR    48,3.6600704726100006,-18.932863353932504,4.460000038146973,6.119999885559082,M1III
HR    74,4.856976645352915,-8.82391915982472,3.549999952316284,4.769999980926514,K1+IIICN0.5
HR    77,5.017744306231667,-64.87479366391888,4.230000019073486,4.800000190734863,F9.5V
HR    98,6.4377931550222804,-77.25424611998604,2.7899999618530273,3.4100000858306885,G0V
HR   100,6.550838931848333,-43.67983065874444,3.940000057220459,4.110000133514404,A5IVn
HR   126,7.886116900947914,-62.95821745653945,4.289000034332275,4.249000072479248,B9.5Va
HR   130,8.249966181752502,62.93178142392444,4.159999847412109,4.300000190734863,BC0.7Ia
HR   153,9.242852031185834,53.89691044421194,3.6600000858306885,3.4700000286102295,B2IV
HR   154,9.22021384008625,33.71934341518167,4.360000133514404,4.199999809265137,B5V
HR   163,9.638947629184164,29.311753227467783,4.380000114440918,5.25,G7IIIFe-3CH1
HR   165,9.831679638429584,30.86098357599195,3.2799999713897705,4.559999942779541,K3III-IIIbCN0.5
HR   191,10.838375515474167,-57.46306349829973,4.361000061035156,4.349999904632568,A0IV
HR   215,11.834690495196249,24.267178550475833,4.059999942779541,5.179999828338623,K1III+KV
HR   219,12.276227476217503,57.81517728880999,3.440000057220459,4.019999980926514,F9V
HR   224,12.170601310553335,7.585081917256668,4.440000057220459,5.949999809265137,K5-III
HR   269,14.188371146487498,38.499334271586946,3.869999885559082,3.990000009536743,A6V
HR   271,14.301667830110834,23.417650023123606,4.420000076293945,5.360000133514404,G8-III
HR   280,14.65149693501667,-29.3574533863875,4.269999980926514,4.090000152587891,B7IIIp
HR   294,15.735868263886667,7.8901331810086095,4.28000020980835,5.239999771118164,G9IIIbFe-2
HR   322,16.520997989851963,-46.71841069311463,3.299999952316284,4.190000057220459,G8III
HR   334,17.14746388517208,-10.18226442669,3.450000047683716,4.610000133514404,K2-IIIb
HR   335,17.37552339943203,47.241794288193404,4.25,4.179999828338623,B5IIIe
HR   338,17.09616910146708,-55.24576000440916,4.013999938964844,3.9079999923706055,B6V+B9V
HR   343,17.77567538716791,55.14989971999472,4.329999923706055,4.510000228881836,A7V
HR   402,21.005847006805414,-8.183260897344443,3.5899999141693115,4.650000095367432,K0IIIb
HR   403,21.453964462083334,60.23528402972222,2.680000066757202,2.809999942779541,A5IV
HR   429,22.091369520270838,-43.31823473917167,3.4200000762939453,4.989999771118164,M0III
HR   437,22.870867450065003,15.345831842497502,3.619999885559082,4.599999904632568,G7IIIa
HR   440,22.81293372607833,-49.07270281348056,3.934999942779541,4.918000221252441,G8.5IIIb
HR   458,24.199339768294585,41.40545871334139,4.099999904632568,4.639999866485596,F9V
HR   464,24.498158433053337,48.62821196304722,3.569999933242798,4.849999904632568,K3-IIICN0.5
HR   489,25.357892261787082,5.487611634559999,4.440000057220459,5.809999942779541,K3III
HR   496,25.915158204820003,50.688731423610555,4.059999942779541,4.019999980926514,B1.5V:e-shell
HR   509,26.01701307163417,-15.93747989102139,3.5,4.21999979019165,G8V
HR   510,26.348438396549998,9.15775073342,4.260000228881836,5.21999979019165,G8III
HR   539,27.86513061761,-10.335031066289998,3.7200000286102295,4.860000133514404,K0.5III
HR   542,28.5988920257,63.670100066329994,3.369999885559082,3.2200000286102295,B3Vp_sh
HR   544,28.2704392446475,29.578818669729724,3.4200000762939453,3.9000000953674316,F5III
HR   553,28.66004578884514,20.808031471916408,2.6500000953674316,2.7799999713897705,kA4hA5mA5Va
HR   555,28.411413800361665,-46.3026692717061,4.409999847412109,6.0,M4III
HR   566,28.989415693558758,-51.60887759053111,3.7100000381469727,4.550000190734863,G8IIIbCNIV
HR   585,30.001285296691666,-21.077831669502782,4.019999980926514,5.579999923706055,M0III
HR   591,29.69224409758834,-61.56982215319751,2.8399999141693115,3.130000114440918,F0IV
HR   596,30.511758234265,2.7637719610669444,4.110000133514404,4.059999942779541,kA0hA7Sr
HR   622,32.38594634196055,34.98729706469149,3.0,3.140000104904175,A5III
HR   649,33.25000132715,8.846702350650002,4.349999904632568,5.230000019073486,G7IIIBa0.4Fe-1
HR   664,34.32861363899208,33.84719681816611,4.0,4.019999980926514,A1Vnn
HR   674,34.12744204857083,-51.512165163000276,3.569999933242798,3.450000047683716,B8IV
HR   681,34.83663375759996,-2.9776376730729166,6.53000020980835,7.630000114440918,M5/6IIIe
HR   705,35.43725985508,-68.65941858958,4.090000152587891,4.119999885559082,A2V
HR   718,37.0398210789746,8.4600602248073,4.300000190734863,4.25,B9III
HR   721,36.74634213164126,-47.70384065879168,4.25,4.110000133514404,B7IV
HR   779,39.87065353077333,0.32850866536999995,4.070000171661377,3.8499999046325684,B2IV
HR   794,40.166811874223335,-39.855376525024454,4.116000175476074,5.113999843597412,K0IIIb
HR   799,41.04994423087624,49.228448519215,4.110000133514404,4.619999885559082,F8V
HR   804,40.825162898112545,3.2358163764959436,3.4700000286102295,3.559999942779541,A2Vn+F4V
HR   806,39.897340197639586,-68.26694668466418,4.0960001945495605,4.046999931335449,B9Va
HR   811,41.030615664194166,-13.858688724180276,4.236000061035156,4.111999988555908,B8IV
HR   813,41.23557227441292,10.114144927239167,4.260000228881836,4.570000171661377,A9IIIp
HR   818,41.275828336206246,-18.572622827755275,4.460000038146973,4.940000057220459,F7V
HR   834,42.67420822277708,55.895494367171665,3.7899999618530273,5.480000019073486,K3-Ib-IIa
HR   838,42.49597183583333,27.26050722722222,3.5940001010894775,3.497999906539917,B8Vn
HR   841,42.27257876772,-32.405897779689994,4.460000038146973,5.449999809265137,G9IIIb
HR   854,43.56449050346,52.762467426469996,3.9600000381469727,4.710000038146973,G8III+A7V
HR   868,43.46987542233,-49.889647366729996,8.140000343322754,9.149999618530273,M5-7e
HR   874,44.10687184660001,-8.8981434724,3.869999885559082,4.989999771118164,K1+IIIb
HR   897,44.56531815678001,-40.30467763811,3.180000066757202,3.3299999237060547,A3IV-V
HR   898,44.56834883087999,-40.30469619625,4.110000133514404,4.199999809265137,A1V
HR   911,45.56988780332224,4.089738771805157,2.5299999713897705,4.170000076293945,M1.5IIIa
HR   915,46.19925046367875,53.50646183498722,2.930000066757202,3.630000114440918,G9III+A2-III:
HR   919,45.59791399675917,-23.624471723482227,4.090000152587891,4.25,A3IV-V
HR   921,46.29414106098047,38.84027619029382,3.390000104904175,5.039999961853027,M4+IIIa
HR   941,47.37418183354417,44.85745828572973,3.809999942779541,4.789999961853027,G9.5IIIb
HR   951,47.90736069940499,19.726673110293053,4.369999885559082,5.400000095367432,G9.5IIIb
HR   963,48.018874183263755,-28.987621986758608,3.9800000190734863,4.510000228881836,F6V
HR   999,50.08484196336125,29.04845766232917,4.46999979019165,6.019999980926514,K3IIIaBa0.5
HR  1003,49.87916936539666,-21.757865396989718,3.700000047683716,5.320000171661377,M3III-IIIaCa-1
HR  1008,49.9818788009275,-43.069781996785,4.269999980926514,4.980000019073486,G6V
HR  1030,51.203326327090004,9.02886962001,3.5999999046325684,4.489999771118164,G6III
HR  1035,52.267220373399994,59.940333656830006,4.21999979019165,4.630000114440918,B9Ia
HR  1038,51.79225241356,9.7327419509,3.75,3.6600000858306885,B9Vn
HR  1052,52.64368902509,47.9952163484,4.360000133514404,5.710000038146973,K3-III
HR  1066,52.71823990313,12.93666963977,4.099999904632568,5.230000019073486,K0-III
HR  1084,53.23268537982792,-9.458260970518056,3.7300000190734863,4.610000133514404,K2V
HR  1087,54.12241555310417,48.19263455720194,4.230000019073486,4.170000076293945,B5Ve
HR  1088,53.44698288227083,-21.63288447691278,4.25,4.150000095367432,B9V
HR  1101,54.21826543507,0.40166447161916674,4.300000190734863,5.150000095367432,F9IV-V
HR  1122,55.73122001957376,47.787496738188054,3.009999990463257,2.890000104904175,B5III
HR  1131,56.07972403666,32.2882464911,3.9100000858306885,3.9100000858306885,B1III
HR  1135,56.29846973267084,42.57853042796416,3.799999952316284,4.21999979019165,F4II
HR  1136,55.81208557481292,-9.763391932194168,3.5399999618530273,4.460000038146973,K0+IV
HR  1142,56.218904540787506,24.11333785002,3.700000047683716,3.5899999141693115,B6IIIe
HR  1145,56.302083304839165,24.46727376214722,4.300000190734863,4.190000057220459,B6IV
HR  1149,56.45670064515208,24.36774376828833,3.869999885559082,3.799999952316284,B7III
HR  1156,56.58160786306708,23.948358938116662,4.179999828338623,4.119999885559082,B6IV(e)
HR  1162,56.53556341675,-12.101588482009998,4.420000076293945,6.039999961853027,M1III
HR  1165,56.871152303749994,24.105135651944444,2.869999885559082,2.7799999713897705,B7III
HR  1173,56.71203049437417,-23.249722802974723,4.199999809265137,4.650000095367432,F5IV-V
HR  1175,56.04992267531208,-64.80691413207694,3.8329999446868896,4.9679999351501465,K2-IIIb
HR  1178,57.29059607421416,24.053417133280284,3.630000114440918,3.5399999618530273,B8III
HR  1195,57.36352607903708,-36.20025674197,4.170000076293945,5.119999885559082,G7III
HR  1203,58.53301031291666,31.88363368388889,2.8499999046325684,2.9700000286102295,B1Ib
HR  1208,56.80975276363666,-74.2389628753575,3.259999990463257,4.880000114440918,M1III
HR  1220,59.463497424225004,40.01019978155972,2.890000104904175,2.7100000381469727,B0.5III
HR  1228,59.74126012587458,35.79103042103805,4.059999942779541,4.079999923706055,O7.5III(n)((f))
HR  1231,59.50735758877376,-13.508514805984444,2.940000057220459,4.539999961853027,M0III-IIIb
HR  1239,60.1700698910475,12.49034444100722,3.4100000858306885,3.2899999618530273,B4IV
HR  1251,60.78907977626709,5.989300702002499,3.882999897003174,3.9240000247955322,A0.5Va
HR  1256,61.173803671547084,22.081929673256663,4.369999885559082,5.440000057220459,K0III-IIIb
HR  1261,61.64601078927791,50.35126150659166,4.289999961853027,4.309999942779541,A0IVn
HR  1273,62.165389873278755,47.712510557601675,4.03000020980835,4.0,B3Ve
HR  1298,62.96641270133917,-6.837579624323332,4.026000022888184,4.35699987411499,F0III
HR  1303,63.72443131105167,48.409330648442776,4.159999847412109,5.119999885559082,G0Ib
HR  1320,63.88357525019291,8.892355084943333,4.2789998054504395,4.204999923706055,B3IV
HR  1325,63.817998412477074,-7.652869660838334,4.429999828338623,5.25,K0V
HR  1326,63.50047592756917,-42.29436854309194,3.859999895095825,4.960000038146973,K2III
HR  1336,63.60612501835416,-62.47380348899389,3.359999895095825,4.269999980926514,G8IIIa:
HR  1338,64.00661092702,-51.48664797621,4.199999809265137,4.550000190734863,F1V
HR  1346,64.94834968291876,15.627642051424726,3.6500000953674316,4.639999866485596,G9.5IIIabCN0.5
HR  1347,64.47359333520666,-33.79834789118277,3.559999942779541,3.440000057220459,B8V+B9.5V?
HR  1355,64.12095061260834,-59.302154414251106,4.440000057220459,5.519999980926514,K2III
HR  1373,65.73372983164,17.54251383399,3.759999990463257,4.739999771118164,G9.5IIICN0.5
HR  1387,66.34235197098376,22.29387108502889,4.201000213623047,4.366000175476074,A7IV-V
HR  1389,66.37243632776791,17.927906511884448,4.297999858856201,4.36899995803833,A2IV-Vs
HR  1392,66.576929680205,22.81358040320972,4.2820000648498535,4.572000026702881,A8Vn
HR  1393,66.00919305988,-34.01684951183,3.9600000381469727,5.449999809265137,K3.5III
HR  1394,66.58654508539,15.61830113545,4.480000019073486,4.757999897003174,F0V
HR  1409,67.15416772966458,19.18043420581389,3.5299999713897705,4.539999961853027,G9.5IIICN0.5
HR  1411,67.14374134289625,15.962283658173055,3.8399999141693115,4.78000020980835,G9IIIFe-0.5
HR  1412,67.16559004644,15.870874649550002,3.4100000858306885,3.5999999046325684,A7III
HR  1454,69.17263542063749,41.26483482116888,4.260000228881836,5.5,K0II-III+B9V
HR  1458,68.91360921293,10.160753234720001,4.25,4.4120001792907715,kA4hA6mA7
HR  1463,69.07975799391498,-3.352460484701945,3.927999973297119,3.736999988555908,B2III
HR  1464,68.88765817174708,-30.562342037091394,3.819999933242798,4.800000190734863,G8+III
HR  1465,68.49907161292998,-55.04497896378182,3.2799999713897705,3.180000066757202,B8IIIpSi
HR  1473,69.53942455778,12.51083696018,4.269999980926514,4.389999866485596,A6V
HR  1481,69.54509840443708,-14.30402789671278,3.869999885559082,4.960000038146973,K2-IIIb
HR  1496,70.11046426124,-19.67149187359,4.300000190734863,5.900000095367432,M3/4III
HR  1497,70.56124685498,22.95690281483,4.257999897003174,4.138000011444092,B3V
HR  1502,70.14046880567959,-41.863751263843064,4.449999809265137,4.789999961853027,F2V
HR  1520,71.37563095050251,-3.2546598112747223,4.0,3.869999885559082,B5IV
HR  1543,72.46004668811875,6.961277950629445,3.190000057220459,3.630000114440918,F6V
HR  1544,72.65301036721706,8.900181169455834,4.349999904632568,4.360000133514404,A1Vn
HR  1552,72.8015240542129,5.605103849968333,3.680000066757202,3.5,B2III
HR  1560,73.22362244212168,-5.452696320709445,4.400000095367432,4.639999866485596,A9IVn
HR  1567,73.56290435241,2.44067165846,3.7300000190734863,3.5399999618530273,B2III
HR  1568,74.32165746492625,53.75210201356083,4.433000087738037,4.415999889373779,A1V
HR  1577,74.24841676022209,33.166093772077225,2.690000057220459,4.21999979019165,K3II-III
HR  1580,74.09281653025542,13.514468784302222,4.059999942779541,5.210000038146973,K2-IIIb
HR  1601,74.63709287275,1.7140135367600002,4.459000110626221,5.853000164031982,K2-IIb
HR  1603,75.85454611254374,60.44224553701305,4.019999980926514,4.949999809265137,G1Ib
HR  1605,75.49222653615,43.82331030981,2.990000009536743,3.5299999713897705,A9Ia
HR  1612,75.61951434554709,41.07583198882223,3.75,4.96999979019165,K5II+B7V
HR  1641,76.6287255888596,41.23447574166194,3.180000066757202,3.0,B3V
HR  1654,76.36526836354416,-22.371034487030837,3.180000066757202,4.639999866485596,K4III
HR  1666,76.96239535462041,-5.086496983969999,2.7899999618530273,2.9200000762939453,A3IV
HR  1679,77.28660023210293,-8.754083776334722,4.269999980926514,4.070000171661377,B2III(e)p
HR  1696,78.07462743943667,-11.86910091103778,4.449999809265137,4.349999904632568,B7.5Vn
HR  1698,78.32283087218,2.8612392074300006,4.480000019073486,5.71999979019165,K1III
HR  1702,78.23292901709,-16.205463499750003,3.2899999618530273,3.180000066757202,B9IV:HgMn
HR  1705,78.30782095595,-12.94129245532,4.440000057220459,4.349999904632568,B7V
HR  1735,79.40162639920332,-6.844407440375556,3.5899999141693115,3.4700000286102295,B6III
HR  1756,79.89384295078916,-13.176769401368889,4.289999961853027,4.039999961853027,B0.5V
HR  1784,80.9867824417454,-7.808062597089446,4.119999885559082,5.079999923706055,G8+III
HR  1788,81.11923634279408,-2.3971475397222215,3.3499999046325684,3.180000066757202,B1V+B2:
HR  1829,82.06134536679916,-20.759443885748333,2.8399999141693115,3.6600000858306885,G5II-IIIa:
HR  1839,82.69604545293245,5.94813679249986,4.199999809265137,4.070000171661377,B5IV+B7V
HR  1845,83.05313179526708,18.59423660180722,4.329999923706055,6.409999847412109,M2Iab-Ib
HR  1862,82.80311450158,-35.47050660183,3.869999885559082,5.010000228881836,K1II/III
HR  1865,83.18256716166667,-17.82228927222222,2.569999933242798,2.7699999809265137,F0Ib
HR  1876,83.70515678066583,9.489586216834999,4.409999847412109,4.260000228881836,B0.2IV
HR  1879,83.78448366963,9.934164257309998,3.4700000286102295,3.4800000190734863,O8III((f))
HR  1899,83.85827580502625,-5.909888523506666,2.7699999809265137,2.5299999713897705,O9IIIvar
HR  1907,84.22661905356708,9.2906712530075,4.090000152587891,5.039999961853027,G9.5IIIbFe-2.5
HR  1910,84.41118926291666,21.14254411222222,3.0299999713897705,2.8399999141693115,B1IVe_shell
HR  1922,83.40631655411,-62.48982679379999,3.759999990463257,4.579999923706055,F8/G0Ib
HR  1931,84.68652242855,-2.60007866108,3.7899999618530273,3.5799999237060547,O9.5V+B0.2V(n)
HR  1949,85.18988002916667,-1.9432186222222223,3.7300000190734863,3.549999952316284,O9.5II-III(n)
HR  1956,84.91225429958334,-34.07410971972223,2.6500000953674316,2.5299999713897705,B9Ve
HR  1983,86.115794237325,-22.448385487848334,3.5999999046325684,4.070000171661377,F6V
HR  1998,86.73892235277415,-14.82195015846389,3.5250000953674316,3.63700008392334,A2IV-V(n)
HR  2012,87.8723727421,39.14852391264999,3.950000047683716,5.090000152587891,K0.5IIICN0.5
HR  2015,86.19320831979958,-65.73549809975806,4.360000133514404,4.570000171661377,A7V
HR  2020,86.82119870875,-51.066511426388885,3.859999895095825,4.03000020980835,A6V
HR  2035,87.83040011603666,-20.87909184884028,3.8499999046325684,4.829999923706055,K0IIIbFe-1.5CH0.5
HR  2040,87.73996785288541,-35.76830962121,3.119999885559082,4.28000020980835,K1III_CN+1
HR  2047,88.59576245541668,20.276172788333334,4.400000095367432,5.0,G0V
HR  2077,89.881743414146,54.2847379628627,3.7200000286102295,4.730000019073486,K0IIIb
HR  2085,89.10122287687543,-14.167699537670277,3.7200000286102295,4.050000190734863,F2V
HR  2091,89.98374135855,45.93673491601,4.25,5.96999979019165,M3IIb
HR  2095,89.93029217610834,37.21258462923103,2.619999885559082,2.5399999618530273,A0VpSi
HR  2106,89.38420856924667,-35.28328098648139,4.360000133514404,4.179999828338623,B2.5IV
HR  2120,89.78668786934041,-42.815132310185554,3.9600000381469727,5.099999904632568,G8/K1II
HR  2134,91.03006433050544,23.26334447236106,4.150000095367432,5.019999980926514,G5III
HR  2159,91.8930213474954,14.768475205429999,4.396999835968018,4.239999771118164,B3IV
HR  2199,92.9849877025175,14.208767263474169,4.480000019073486,4.309999942779541,B3IV
HR  2216,93.71935536055373,22.506787327170834,3.2799999713897705,4.889999866485596,M2IIIa
HR  2219,93.84453491325125,29.49807647788778,4.349999904632568,5.360000133514404,G8.5IIIb
HR  2227,93.71388839009543,-6.274776778696667,3.9600000381469727,5.269999980926514,K1III:
HR  2238,94.90571929954999,59.010981002848894,4.434000015258789,4.461999893188477,A2Vs
HR  2256,94.13806452051917,-35.14051510013389,4.369999885559082,5.369999885559082,G9IIIbCN0.5
HR  2282,95.07830016583333,-30.063366733888888,2.990000009536743,2.819999933242798,B2.5V
HR  2286,95.74011192619564,22.513582745904277,2.869999885559082,4.510000228881836,M3IIIab
HR  2296,95.5284372868,-33.43639894756,3.8499999046325684,4.730000019073486,G7II
HR  2298,95.94202257163,4.59288236137,4.3979997634887695,4.583000183105469,A8V(n)
HR  2343,97.24077555916666,20.212134895555558,4.139999866485596,4.0,B6IVe
HR  2361,97.04253341978293,-32.580068342677784,4.480000019073486,4.309999942779541,B4V
HR  2385,98.22594959232,7.33296969762,4.5,4.5,A0Ib
HR  2387,97.96402617533293,-23.4184222041275,4.329999923706055,4.090000152587891,B0.7IV
HR  2429,99.17099032848041,-19.25588040351555,3.9100000858306885,5.011000156402588,K1.5III-IVFe1
HR  2435,98.7440832478354,-52.975609280170005,4.400000095367432,4.369999885559082,A0II
HR  2443,99.47258909203,-18.23748068501,4.429999828338623,5.599999904632568,K1-III
HR  2451,99.44030260969878,-43.195935686955835,3.1700000762939453,3.059999942779541,B8III
HR  2473,100.98302979662667,25.131127192367778,2.9800000190734863,4.389999866485596,G8Ib
HR  2478,100.99702978194,13.22799990159,4.489999771118164,5.650000095367432,K0+IIICa1
HR  2484,101.32235202269875,12.895594959796389,3.359999895095825,3.7899999618530273,F5IV-V
HR  2506,101.96519952348,2.41217639198,4.46999979019165,5.579999923706055,K0+III
HR  2538,102.46024630194668,-32.508478839148054,3.890000104904175,3.680000066757202,B1.5Ve
HR  2540,103.1972452606746,33.96125676049195,3.5999999046325684,3.700000047683716,A2IV
HR  2550,102.04772968012593,-61.941389121171916,3.2300000190734863,3.4600000381469727,A8VnkA6
HR  2553,102.48403810537876,-50.61453869751139,2.930000066757202,4.130000114440918,K1III
HR  2554,102.46380724536418,-53.622450407303056,4.4079999923706055,5.322999954223633,G4II
HR  2560,104.31918858666667,58.42276123194444,4.349999904632568,5.199999809265137,G2III
HR  2574,103.54749525536,-12.038628101049998,4.079999923706055,5.510000228881836,K3/4III
HR  2580,103.53313445883,-24.18421097264,3.869999885559082,5.599999904632568,K2Iab
HR  2596,104.0342691434642,-17.05423863054111,4.385000228881836,4.296999931335449,B3Ib
HR  2646,105.42978350186792,-27.934830340443888,3.4700000286102295,5.199999809265137,K5Ib
HR  2650,106.02721349362085,20.570298465267225,3.7899999618530273,4.579999923706055,G1Ib
HR  2653,105.75613058900544,-23.833293974200288,3.0199999809265137,2.940000057220459,B3Ia
HR  2657,105.93955612216459,-15.633287003608888,4.119999885559082,4.0,B8II
HR  2697,107.78487630737042,30.24516376985388,4.420000076293945,5.679999828338623,K2III
HR  2714,107.96608530415293,-0.4927671698652778,4.150000095367432,4.139999866485596,A0IV
HR  2736,107.18694039829,-70.4989304021,3.746000051498413,4.77400016784668,K0III
HR  2740,108.14010473493543,-46.75930460719945,4.489999771118164,4.809999942779541,F3VFe-1.0
HR  2749,108.70272505556083,-26.772667556726386,3.819999933242798,3.640000104904175,B2.5Ve
HR  2763,109.52324549807,16.54038599479,3.559000015258789,3.6740000247955322,A4IV
HR  2773,109.28565865855,-37.09747346353528,2.700000047683716,4.320000171661377,K4III
HR  2777,110.03072735754377,21.98230404962861,3.5299999713897705,3.869999885559082,F2VkF0mF0
HR  2782,109.67702081318917,-24.954361319371664,4.400000095367432,4.25,O9II
HR  2803,109.20759145422502,-67.95715267864945,3.990000009536743,4.78000020980835,F8Ib/II
HR  2821,111.43164850380958,27.79807970844639,3.7899999618530273,4.829999923706055,G9IIIb
HR  2845,111.78767390541668,8.2893157625,2.890000104904175,2.799999952316284,B8Ve
HR  2852,112.27799528660326,31.784549252299783,4.179999828338623,4.5,F1V
HR  2854,112.04080952897002,8.925524480059998,4.300000190734863,5.730000019073486,K3-IIIFe-0.5
HR  2878,112.30763598742709,-43.30143539413861,3.25,4.769999980926514,K5III
HR  2905,113.98062505905,26.8957444986,4.059999942779541,5.599999904632568,M0III
HR  2906,113.51325234957001,-22.2960675479,4.389999866485596,4.940000057220459,F6IV-V
HR  2948,114.70572976186001,-26.80175681616,4.5,4.329999923706055,B6V
HR  2970,115.31179988937959,-9.551132713051112,3.930000066757202,4.949999809265137,G9.5III-IIIbFe-0.5
HR  2973,115.82803204470962,28.8835088440125,4.289999961853027,5.409999847412109,K1IIIe
HR  2985,116.11184921750542,24.397996469691666,3.569999933242798,4.489999771118164,G8III-IIIb
HR  2996,115.95195672770251,-28.95482621033833,3.930000066757202,4.090000152587891,A4Iabe
HR  3017,116.31373389138793,-37.968585259939175,3.609999895095825,5.340000152587891,K4III
HR  3024,115.45524596810628,-72.60609911449887,3.944000005722046,4.9770002365112305,G9IIIb
HR  3034,117.02153597080543,-25.93716960934917,4.489999771118164,4.429999828338623,B1IVe
HR  3045,117.32355646601665,-24.859783879637224,3.299999952316284,4.559999942779541,G6Ib
HR  3055,117.30957333150832,-46.373199649924445,4.110000133514404,3.930000066757202,B0III
HR  3080,118.05429938018001,-40.57578173214,3.696000099182129,4.7170000076293945,K1/2II+A
HR  3084,118.16102873591504,-38.86281460759139,4.473999977111816,4.301000118255615,B2V
HR  3090,118.32565615373706,-48.10293513179667,4.239999771118164,4.099999904632568,B0.5Ib
HR  3102,119.21475968534753,-22.880111626630278,4.184000015258789,4.900000095367432,F7II
HR  3117,119.19466705582,-52.98234546298,3.430999994277954,3.2669999599456787,B3IV
HR  3129,119.56016067830998,-49.24491520556,4.409999847412109,4.239999771118164,B1Vp+B2:
HR  3145,120.5664038383367,2.334571901765,4.380000114440918,5.630000114440918,K2IIIbFe-0.5:
HR  3185,121.88603676458334,-24.304324429444446,2.809999942779541,3.240000009536743,F5IIkF2IImF5II
HR  3188,122.14853373998083,-2.9837876605491664,4.329999923706055,5.300000190734863,G2Ib
HR  3192,122.25681828545373,-19.245033974607498,4.39300012588501,4.238999843597412,B5V
HR  3206,122.3721564041,-47.345281503420004,4.172999858856201,3.994999885559082,B2III
HR  3223,121.98247699144,-68.61706463606,4.3979997634887695,4.269999980926514,B5III
HR  3225,122.83955595925998,-39.61854410984,4.420000076293945,6.03000020980835,K4.5Ib
HR  3243,123.51220570344002,-40.34786713897,4.440000057220459,5.610000133514404,K1II/III
HR  3249,124.12883745353416,9.185543957090834,3.5199999809265137,5.0,K4IIIBa0.5:
HR  3270,124.63880435555504,-36.65928921661222,4.400000095367432,4.679999828338623,A8V
HR  3275,125.70878932057252,43.18813060422277,4.25,5.800000190734863,K4+III
HR  3314,126.41513277136585,-3.9064272186819444,3.9000000953674316,3.880000114440918,A0Va
HR  3318,124.63146861663003,-76.9197240614864,4.046999931335449,4.447999954223633,F5VFe-0.8
HR  3323,127.56612565266667,60.718168223941106,3.4200000762939453,4.269999980926514,G5III:
HR  3340,125.16057952578583,-77.48447920000307,4.336999893188477,5.504000186920166,K2IIIbCN0.5
HR  3347,126.43414610922872,-66.13688790317111,3.759000062942505,4.895999908447266,K2III
HR  3410,129.41403113663,5.70378776223,4.13100004196167,4.144000053405762,A0Vnn
HR  3418,129.68932270518832,3.3414351882730555,4.429999828338623,5.630000114440918,K1III
HR  3426,129.41097067566457,-42.98908063297749,4.139999866485596,4.239999771118164,A7Ia
HR  3438,130.02559701234668,-35.308355114771395,3.9539999961853027,4.885000228881836,G5II/III
HR  3445,130.15654669942333,-46.648740109134444,3.809999942779541,4.519999980926514,F0Ia
HR  3447,130.0733305508675,-52.921909895522504,3.630000114440918,3.440000057220459,B3/5(V)
HR  3454,130.80614897336292,3.3986618893297225,4.300000190734863,4.099999904632568,B3V
HR  3457,130.15428340004624,-59.76100474516722,4.313000202178955,4.182000160217285,B2III
HR  3461,131.17124658768913,18.154308069054167,3.940000057220459,5.019999980926514,K0+IIIb
HR  3468,130.8980726264225,-33.18638327946639,3.680000066757202,3.5,B1.5III
HR  3475,131.67425181855,28.759893136039995,4.01800012588501,4.995999813079834,G8IIIaBa0.2
HR  3477,131.09977947559,-42.64927745762,4.046000003814697,4.916999816894531,G6III
HR  3482,131.6938009684597,6.4188015227537685,3.380000114440918,4.059999942779541,G1III+A8V
HR  3484,131.59393502428,-13.54772364866,4.320000171661377,5.21999979019165,G8IIIbCN-1
HR  3487,131.50685141991954,-46.041528169790006,3.9100000858306885,3.9100000858306885,A0II
HR  3492,132.10821118485208,5.837812490561667,4.336999893188477,4.309000015258789,A0Vn
HR  3498,131.67728441808165,-56.769776253820275,4.489999771118164,4.309999942779541,B3V(n)
HR  3518,132.63301083315085,-27.70984159252084,4.010000228881836,5.269999980926514,K2.5III
HR  3547,133.84844248935084,5.945565210399724,3.0999999046325684,4.099999904632568,G8.5III
HR  3569,134.8018900723819,48.04182614451662,3.140000104904175,3.3299999237060547,A6
HR  3571,133.76186707720834,-60.644609514066666,3.799999952316284,3.740000009536743,B8II-III
HR  3572,134.62168421127,11.8576804028,4.249000072479248,4.388000011444092,kA7VmF0/2III/IVSr
HR  3579,135.1603059044704,41.783024559070554,3.9600000381469727,4.389999866485596,F3V+G5V
HR  3591,135.02254062248747,-41.25360734067554,4.446000099182129,5.0879998207092285,G8/K1III+A
HR  3594,135.90636507404153,47.15652472719766,3.549999952316284,3.549999952316284,A1Vn
HR  3614,136.03866521203622,-47.097735077495564,3.75,4.949999809265137,K2III
HR  3615,135.61165018301915,-66.39607456495057,3.990000009536743,4.144000053405762,kA3hA5mA5V
HR  3619,137.2177373836521,51.604647750470555,4.480000019073486,4.75,kA3VmF5IIISr
HR  3643,136.286721332445,-72.60270255847888,4.4670000076293945,5.068999767303467,F8II+DA
HR  3659,137.74202206644335,-58.966900555078894,3.4000000953674316,3.25,B2IV-V
HR  3663,137.81967506322877,-62.31697773412389,3.943000078201294,3.7739999294281006,B3V
HR  3690,139.7110149130071,36.80259585675999,3.9200000762939453,3.9600000381469727,A1V
HR  3696,139.05030238076836,-57.54147113833555,4.317999839782715,5.940999984741211,M0.5IIIa
HR  3705,140.26375087702914,34.39255928934889,3.140000104904175,4.690000057220459,K6III
HR  3731,141.16357779905084,26.182324291628607,4.460000038146973,5.690000057220459,K2IIIb
HR  3734,140.52840670833334,-55.01066713416667,2.4730000495910645,2.3239998817443848,B2IV
HR  3757,142.88211696306456,63.06185995089555,3.6700000762939453,4.0,F0V
HR  3773,142.93012390931915,22.967981285818055,4.309999942779541,5.849999904632568,K4.5III
HR  3775,143.21429555749293,51.67731480847444,3.180000066757202,3.640000104904175,F7V
HR  3786,142.67499823420744,-40.46673934507773,3.5999999046325684,3.9600000381469727,F3VFe-0.7
HR  3799,143.70596174273416,52.05147921795417,4.4629998207092285,4.500999927520752,A0Vn
HR  3803,142.80549230320247,-57.03437645056388,3.1389999389648438,4.690999984741211,K5III
HR  3825,143.61104506125,-59.229751953055555,4.090000152587891,4.090000152587891,B5II
HR  3836,144.20641315882747,-49.35502549652584,4.349999904632568,4.519999980926514,A7V
HR  3845,144.96400613436165,-1.142810731513889,3.9100000858306885,5.230000019073486,K2.5III
HR  3852,145.28763405888583,9.89230789622861,3.5199999809265137,4.010000228881836,F8-G0III+A7m
HR  3873,146.46280673687792,23.77425377711222,2.9800000190734863,3.7899999618530273,G1IIIa
HR  3884,146.3117154353821,-62.50790286462888,3.75,5.090000152587891,G5Iab/b
HR  3888,147.74732523445957,59.03873362321777,3.809999942779541,4.099999904632568,F0
HR  3890,146.77550706492468,-65.07200742206864,2.990000009536743,3.25,A9
HR  3903,147.86947907884206,-14.846628713346947,4.110000133514404,5.03000020980835,G7III
HR  3905,148.190904223595,26.00695118609,3.880000114440918,5.099999904632568,K2IIIbCN1Ca1
HR  3940,149.21558687068125,-54.567788190034165,3.450000047683716,3.3499999046325684,B5Ib
HR  3974,151.85734320951084,35.244695866788895,4.489999771118164,4.670000076293945,A7V(n)
HR  3975,151.83313496465667,16.762663324555,3.4100000858306885,3.390000104904175,A0Ib
HR  3980,151.9761254861525,9.997506874934166,4.380000114440918,5.820000171661377,K3.5IIIbFe-1:
HR  3981,151.98451569501,-0.37167036849000007,4.489999771118164,4.449999809265137,A0III
HR  3994,152.6470357548103,-12.3541274788236,3.609999895095825,4.610000133514404,K0IIIbCN0.5
HR  4023,153.68398203349875,-42.12194134188417,3.8499999046325684,3.9000000953674316,A2Va
HR  4031,154.17256318434792,23.417316988991107,3.4100000858306885,3.7200000286102295,F0IIIa
HR  4033,154.27408023573,42.91441380519,3.450000047683716,3.4800000190734863,A1IV
HR  4037,153.43425247860876,-70.0379064474,3.3299999237060547,3.25,B7III
HR  4050,154.27073140194167,-61.33230464139612,3.3499999046325684,4.89900016784668,K2.5II
HR  4057,154.9931435916667,19.841488666666663,2.2300000190734863,3.440000057220459,K1-IIIFe-1
HR  4069,155.5821986521946,41.499538262575555,3.049999952316284,4.639999866485596,M0III
HR  4074,155.22831547076,-56.04323770783,4.510000228881836,4.380000114440918,B5II
HR  4094,156.52260893978251,-16.836288604756664,3.809999942779541,5.289999961853027,K4III
HR  4100,156.97083166458333,36.707210010555556,4.210000038146973,5.110000133514404,G9III
HR  4102,156.0987730314175,-74.0316110835011,4.010000228881836,4.360000133514404,F3V
HR  4104,156.7879193306,-31.06777913925,4.25,5.699999809265137,K3III
HR  4114,156.96970738780956,-58.73940617500779,3.809999942779541,4.111000061035156,F2II
HR  4133,158.20279329541543,9.306584816652224,3.869999885559082,3.7200000286102295,B1Iab
HR  4140,158.0061045480125,-61.68533195288,3.2699999809265137,3.180000066757202,B4Vne
HR  4159,158.89707441662253,-57.557633601364444,4.429999828338623,6.043000221252441,K3II-IIb
HR  4167,159.32562683256418,-48.225666185895,3.8399999141693115,4.130000114440918,kA5hF0VpSr
HR  4174,158.86710645807833,-78.60778853923416,4.119999885559082,5.699999809265137,K4III
HR  4180,159.82663558023043,-55.603267978415836,4.267000198364258,5.28000020980835,G5IIa
HR  4199,160.73917486416664,-64.39445022111111,2.759999990463257,2.5399999618530273,B0Vp
HR  4216,161.69239624144333,-49.420259938983605,2.690000057220459,3.5899999141693115,G6III
HR  4232,162.4062010556029,-16.193647060365556,3.109999895095825,4.349999904632568,K1.5IIIHdel-0.5
HR  4234,161.44585968076748,-80.54018818094444,4.433000087738037,4.257999897003174,B3V
HR  4247,163.32787152823542,34.214892133082785,3.8299999237060547,4.869999885559082,K0+III-IV
HR  4257,163.37356713128625,-58.85317036981778,3.7899999618530273,4.739999771118164,K0IV
HR  4259,163.90333897648,24.74972842488,4.4770002365112305,4.478000164031982,A1V
HR  4287,164.94360481576166,-18.298786220615558,4.070000171661377,5.159999847412109,K0IIIb
HR  4293,165.03860085978206,-42.225858441775834,4.389999866485596,4.5,A3V
HR  4300,165.5823986007167,20.179840051333336,4.3979997634887695,4.452000141143799,kA1VmA3V
HR  4335,167.41586789931586,44.49848775473417,3.009999990463257,4.150000095367432,K1III
HR  4337,167.147453191,-58.975038633492225,3.8299999237060547,5.090000152587891,G5_0-Ia
HR  4343,167.91449465302,-22.82584804833,4.448999881744385,4.474999904632568,A1V
HR  4357,168.52708926588556,20.523718139047475,2.5299999713897705,2.680000066757202,A5IV(n)
HR  4359,168.56002362722833,15.429571086424442,3.3499999046325684,3.3299999237060547,A2IV
HR  4368,169.16541573374084,-3.6516032084566667,4.449999809265137,4.6539998054504395,A5V
HR  4375,169.54542151666666,31.52916086111111,4.25,4.789999961853027,F8.5:V
HR  4377,169.61973835928958,33.09430607022111,3.490000009536743,4.889999866485596,K3-III:
HR  4382,169.83519729807168,-14.778539835960277,3.559999942779541,4.670000076293945,G9IIICH0.5
HR  4386,170.28414074670127,6.029321670217778,4.039999961853027,3.9839999675750732,B9.5Vs
HR  4399,170.98105513292123,10.52950625196611,4.010000228881836,4.409999847412109,F1IV
HR  4405,171.2205150667429,-17.684011879005833,4.059999942779541,4.25,A7V(n)
HR  4450,173.25047887756918,-31.857624437632783,3.5399999618530273,4.46999979019165,G7IIIb
HR  4467,173.94532537821,-63.01983499360999,3.140000104904175,3.0999999046325684,B9III
HR  4471,174.23721152069376,-0.8237499422280555,4.300000190734863,5.309999942779541,G9IIIbFe-0.5
HR  4517,176.4648316583329,6.529374721233055,4.039999961853027,5.539999961853027,M1III
HR  4518,176.51255861980331,47.77940424229889,3.7200000286102295,4.900000095367432,K0.5IIIb:
HR  4520,176.40172787504667,-66.7287577037325,3.6500000953674316,3.809999942779541,A7V
HR  4522,176.6284285025679,-61.178399611954156,4.099999904632568,5.010000228881836,G5Ib/II
HR  4537,177.42111389338,-63.788472407499995,4.308000087738037,4.159999847412109,B3V
HR  4540,177.67382714942332,1.7647226497586115,3.5999999046325684,4.150000095367432,F9V
HR  4546,177.78621333642,-45.17346991659001,4.460000038146973,5.760000228881836,K3III
HR  4552,178.22717286745728,-33.90812977808355,4.28000020980835,4.179999828338623,kB8hB8HeA0VSi
HR  4599,180.75625269311038,-63.31292865802249,4.320000171661377,4.559999942779541,A3(m)A8-A8
HR  4608,181.3022159695604,8.733018576605835,4.119999885559082,5.110000133514404,G8IIICN0.5CH1Ba1
HR  4616,181.72040893237084,-64.61373070048556,4.136000156402588,4.46999979019165,F2V
HR  4618,182.02175944332998,-50.66127095876,4.46999979019165,4.320000171661377,B5V
HR  4621,182.08957348875,-50.722427392777774,2.5199999809265137,2.390000104904175,B2Vne
HR  4623,182.10340531836871,-24.728875596671113,4.010000228881836,4.329999923706055,F1V
HR  4630,182.53116909374998,-22.6197672175,2.9800000190734863,4.320000171661377,K2+IIIa
HR  4638,182.91299894987998,-52.36844011674,3.9600000381469727,3.809999942779541,B3V
HR  4656,183.78632699611498,-58.748924076838335,2.752000093460083,2.568000078201294,B2IV
HR  4660,183.85649936126705,57.03261697773611,3.319999933242798,3.4100000858306885,A2Vn
HR  4662,183.9515450373768,-17.541930457603193,2.5799999237060547,2.4700000286102295,B8III
HR  4671,184.39281518409328,-67.96073681176279,4.019999980926514,5.599999904632568,M4III
HR  4674,184.58676960730585,-79.31223407416667,4.229000091552734,4.104000091552734,B4V
HR  4679,184.60934197714997,-64.0030853698,4.050000190734863,3.9000000953674316,B2/3V
HR  4689,184.97642665915,-0.66679619811,3.9000000953674316,3.9200000762939453,A2IV
HR  4700,185.3400338906829,-60.40114813057249,3.569999933242798,4.980000019073486,K3III
HR  4737,186.73446876829124,28.268421801423333,4.340000152587891,5.46999979019165,K1IIIFe0.5
HR  4743,187.00992548273499,-50.23063797449278,3.9100000858306885,3.7200000286102295,B2V
HR  4757,187.46606318416664,-16.515431261666667,2.940000057220459,2.890000104904175,A0IV(n)kB9
HR  4773,188.1167205253554,-72.13298978942889,3.880000114440918,3.7300000190734863,B5V+A:
HR  4775,188.01761000770082,-16.196005170938612,4.294000148773193,4.6579999923706055,F2V
HR  4785,188.43560104856124,41.35747815357195,4.25,4.860000133514404,G0V
HR  4786,188.59681217680622,-23.39676021620222,2.640000104904175,3.5199999809265137,G5IIBa0.3
HR  4798,189.29590786916668,-69.1355647886111,2.6489999294281006,2.4839999675750732,B2IV
HR  4802,189.42568374919998,-48.54130535928,3.859999895095825,3.9100000858306885,A1IVnn
HR  4825,190.41511762006294,-1.4494039524575002,2.740000009536743,3.0999999046325684,F1-F2V
HR  4826,190.4147607686542,-1.4494021269330557,3.490000009536743,3.8499999046325684,F0mF2V
HR  4888,193.27877637169166,-48.94331288258333,4.329999923706055,5.699999809265137,K3/4III
HR  4889,193.35913209457917,-40.17891354020334,4.269999980926514,4.480000019073486,A4IV
HR  4898,193.6484344215275,-57.17792469914083,4.039999961853027,3.869999885559082,B2IV-V
HR  4910,193.9008692670183,3.3974689038383334,3.380000114440918,4.96999979019165,M3+III
HR  4915,194.00693995375286,38.31837643625333,2.880000114440918,2.759999990463257,A0VpSiEu
HR  4923,195.56773571432208,-71.54885898133195,3.609999895095825,4.789999961853027,K2III
HR  4932,195.5441542302233,10.959148721740554,2.7899999618530273,3.7100000381469727,G8III-IIIb
HR  4942,196.72766418042875,-49.90624642011722,4.269999980926514,4.079999923706055,B3V
HR  4963,197.4874539107,-5.53900406522,4.396999835968018,4.385000228881836,A1IVs
HR  4983,197.96830761169252,27.878183974850003,4.25,4.840000152587891,F9.5V
HR  5020,199.73040703832623,-23.171514006915,3.0,3.9200000762939453,G8IIIa
HR  5028,200.14922006503957,-36.712304581225,2.7300000190734863,2.759999990463257,kA1.5hA3mA3Va
HR  5055,200.9846746374,54.92180938212,3.880000114440918,4.050000190734863,kA1h(eA)mA7IV-V
HR  5062,201.30640763875,54.98795966138889,4.010000228881836,4.179999828338623,A5V+M3-4V
HR  5089,202.76106914624998,-39.40730527555556,3.880000114440918,5.039999961853027,G8II/III
HR  5107,203.67329732802997,-0.59581641612,3.380000114440918,3.5,A2Van
HR  5168,206.42184974420917,-33.04371697217305,4.230000019073486,4.610000133514404,F2V
HR  5185,206.8155757166775,17.456891543222227,4.489999771118164,4.980000019073486,F7IV-V
HR  5190,207.37615211559708,-41.68770852979139,3.385999917984009,3.187999963760376,B2V
HR  5192,207.3613413833062,-34.45077353097945,4.190000057220459,5.690000057220459,M5-III:
HR  5193,207.40411953020498,-42.47373340873611,3.430000066757202,3.2699999809265137,B2Vnpe
HR  5200,207.36933869583623,15.797904644250833,4.070000171661377,5.590000152587891,K5.5III
HR  5231,208.88494019857197,-47.28837451101241,2.549999952316284,2.3299999237060547,B2.5IV
HR  5235,208.67116216800866,18.397720717229475,2.680000066757202,3.25,G0IV
HR  5248,209.56777573906837,-42.10075691842361,3.802000045776367,3.6080000400543213,B2IV
HR  5249,209.66978618791669,-44.80358582416666,3.869999885559082,3.6700000762939453,B2IV-V
HR  5260,210.43127903188,-45.60340960604,4.329999923706055,4.920000076293945,F7II/III
HR  5264,210.41163979453543,1.5445306078263885,4.236999988555908,4.330999851226807,A2IV/V
HR  5285,211.51153348661126,-41.17963290966722,4.3429999351501465,4.15500020980835,B2V
HR  5287,211.59290834800288,-26.68236157673806,3.2799999713897705,4.409999847412109,K2-IIIFe-0.5
HR  5315,213.2239368859575,-10.273703461482222,4.210000038146973,5.53000020980835,K2.5IIIFe-0.5
HR  5338,214.0036178170021,-6.000547078703056,4.079999923706055,4.599999904632568,F7III
HR  5339,216.73013379233663,-83.6678847301364,4.303999900817871,5.614999771118164,K2III
HR  5351,214.0959100349329,46.08830429435917,4.179999828338623,4.260000228881836,A0Va_lB
HR  5354,214.85092150390665,-46.05809425901695,3.5290000438690186,3.3550000190734863,B2.5IV
HR  5358,215.08142780986415,-56.38649549140083,4.349999904632568,4.46999979019165,B5II
HR  5367,215.13930164992001,-37.88529206459917,4.033999919891357,4.00600004196167,A0IV
HR  5378,215.75932801672622,-39.51181793325,4.420000076293945,4.239999771118164,B2V
HR  5396,216.54505741968393,-45.379278405963014,4.349999904632568,4.760000228881836,F7
HR  5404,216.2991539590004,51.85074367335807,4.050000190734863,4.559999942779541,F7V
HR  5425,218.15439609514667,-50.45714824086861,4.422999858856201,4.239999771118164,B1/B2V
HR  5429,217.9574555385208,30.371436570076384,3.5899999141693115,4.889999866485596,K3-III
HR  5435,218.0194653313254,38.3082480800211,3.0199999809265137,3.2100000381469727,A7IV+(n)
HR  5447,218.67007244468,29.745127131650005,4.46999979019165,4.840000152587891,F4VkF2mF1
HR  5453,219.471775669755,-49.4258282866625,4.050000190734863,3.9000000953674316,B3/4V
HR  5463,220.62675271705453,-64.97513301263639,3.190000057220459,3.430000066757202,A7VpSrCrEu
HR  5470,221.96546289704744,-79.04475355458166,3.7980000972747803,5.247000217437744,K3IIICN0.5
HR  5471,220.48996060458245,-37.79349450012777,4.0,3.8299999237060547,B2.5V
HR  5478,220.28733409166668,13.72828106111111,4.510000228881836,4.559999942779541,A3IV
HR  5485,220.91432322798374,-35.173668576684165,4.039999961853027,5.409999847412109,K3IIIb
HR  5487,220.7650999448383,-5.658201376752223,3.880000114440918,4.260000228881836,F2V
HR  5506,221.24673982578958,27.074222319675556,2.450000047683716,3.609999895095825,K0-II-III
HR  5511,221.5621810306004,1.8928838280086113,3.7300000190734863,3.7200000286102295,A0IIInn
HR  5526,222.57211788284,-27.960361231049998,4.409999847412109,5.809999942779541,K2.5IIIbFe-1:
HR  5528,222.90959537708335,-43.575360151666665,4.313000202178955,4.164000034332275,B5IV
HR  5531,222.7196378915803,-16.041776519834446,2.75,2.9000000953674316,kA2hA5mA4IV-V
HR  5570,224.29582868978,-4.346458683819999,4.489999771118164,4.809999942779541,F2V
HR  5571,224.63302234983436,-43.13396384896446,2.680000066757202,2.4600000381469727,B2IV
HR  5576,224.79035390916664,-42.10419636638889,3.109999895095825,2.930000066757202,B2IV
HR  5601,225.72515651496167,2.0913043610361113,4.400000095367432,5.440000057220459,K0+IIIbFe-0.5
HR  5602,225.48650960185543,40.39056857046112,3.5199999809265137,4.46999979019165,G8IIIaFe-0.5
HR  5603,226.0175617057,-25.28196957961,3.2100000381469727,4.909999847412109,M2.5III
HR  5626,227.2108868772291,-45.2798613832426,4.050000190734863,3.880000114440918,B3V
HR  5646,227.98363863276998,-48.737824987530004,3.700000047683716,3.6700000762939453,B9.5Vne
HR  5649,228.07123134275705,-52.099248703500834,3.4100000858306885,4.329999923706055,G8III
HR  5670,229.37853938357503,-58.80120701859055,4.057000160217285,4.1529998779296875,A3Va
HR  5671,229.7274220385625,-68.67954667374444,2.890000104904175,2.890000104904175,A1V
HR  5681,228.87567841690498,33.31483124216833,3.490000009536743,4.440000057220459,G8IIIFe-1
HR  5685,229.25172424914246,-9.382914410334685,2.619999885559082,2.509999990463257,B8Vn
HR  5686,229.45765656610584,-30.14866646634111,4.329999923706055,5.429999828338623,K0IIIaCH-1
HR  5695,230.34297427253,-40.64753036915,3.190000057220459,2.994999885559082,B1.5IV
HR  5705,230.45153998804454,-36.26137329029805,3.5460000038146973,5.076000213623047,K4III
HR  5708,230.67028440250002,-44.68961517694444,3.365999937057495,3.190999984741211,B3IV+B3:V
HR  5744,231.23239085120377,58.966065864404726,3.2899999618530273,4.449999809265137,K2III
HR  5747,231.95730858154164,29.10569295567611,3.680000066757202,3.9700000286102295,F2VpSrCrEuSi
HR  5771,234.1800951798441,-66.31703762546667,4.104000091552734,5.269999980926514,K1/2III
HR  5776,233.78520144771352,-41.16675686900692,2.765000104904175,2.5859999656677246,B2IV
HR  5778,233.23242559618694,31.359132267070578,4.130000114440918,4.0,B6Vnne
HR  5787,233.8815753993054,-14.789535531785829,3.9100000858306885,4.929999828338623,G8.5III
HR  5788,233.70072992077996,10.53775277531,5.130000114440918,5.380000114440918,F0IV
HR  5789,233.70060521505997,10.53885562508,4.139999866485596,4.389999866485596,F0IV
HR  5794,234.25603706873625,-28.135110461468887,3.5889999866485596,4.979000091552734,K3.5III
HR  5797,234.5133623464971,-42.56733568869945,4.329999923706055,5.75,K3III
HR  5812,234.6640395654167,-29.77774877888889,3.6419999599456787,3.4809999465942383,B2.5V
HR  5854,236.0669754565879,6.425630220244722,2.630000114440918,3.799999952316284,K2IIIbCN1
HR  5867,236.54689658602248,15.421819296846387,3.6700000762939453,3.7300000190734863,A2IV
HR  5868,236.61089255068003,7.353068716340001,4.420000076293945,5.03000020980835,G0-V
HR  5879,237.1849050094375,18.141564908046668,4.090000152587891,5.710000038146973,M0.5IIIab
HR  5881,237.40502901603867,-3.4302043802099975,3.5299999713897705,3.490000009536743,B9.5III
HR  5883,237.73977226340247,-33.627146762641395,3.946000099182129,3.9089999198913574,B9III
HR  5892,237.7040219606796,4.477730970842778,3.693000078201294,3.8440001010894775,kA2hA5mA7V
HR  5897,238.785675265,-63.43072653638888,2.8499999046325684,3.140000104904175,F1V
HR  5908,238.4564080092892,-16.729297046860832,4.159999847412109,5.170000076293945,G9IIIb
HR  5928,239.22115500019038,-29.21407444355972,3.859999895095825,3.6600000858306885,B2IV-V
HR  5933,239.11326107375749,15.661613772328334,3.8399999141693115,4.340000152587891,F6V
HR  5944,239.71297182416666,-26.114107945,2.9100000858306885,2.7100000381469727,B1V+B2:V:
HR  5947,239.39688084174207,26.877879625768056,4.130000114440918,5.360000133514404,K2IIIab
HR  5948,240.03053298351495,-38.39670506249139,3.4100000858306885,3.190000057220459,B2.5IV
HR  5984,241.3592999275,-19.805452782777778,2.619999885559082,2.549999952316284,B1V
HR  5986,240.4722707483108,58.56525053776528,4.0,4.519999980926514,F9V
HR  5987,241.64809992840003,-36.80227052962,4.201000213623047,4.0269999504089355,B2.5Vn
HR  5993,241.70177077785254,-20.669188851758612,3.9700000286102295,3.9200000762939453,B1V
HR  5997,241.8513625582242,-20.868764431784726,4.329999923706055,5.170000076293945,G4II-III
HR  6023,242.19240090854004,44.93490593204,4.269999980926514,4.199999809265137,B9VspHgMn
HR  6027,242.99889864963222,-19.46070447846264,4.0,4.050000190734863,B2V
HR  6030,243.85946160941205,-63.68568150484638,3.8389999866485596,4.942999839782715,G2Ib-IIa
HR  6056,243.58641259114916,-3.6943257851008338,2.75,4.340000152587891,M0.5III
HR  6072,244.96009294998038,-50.15550599744805,4.019999980926514,5.099999904632568,K0III
HR  6075,244.58037593556583,-4.692513152746668,3.2300000190734863,4.210000038146973,G9.5IIIbFe-0.5
HR  6084,245.29714880583333,-25.592792076666665,2.890000104904175,3.0199999809265137,B1III+B1:V
HR  6092,244.93515332506078,46.31336170425528,3.869999885559082,3.7300000190734863,B5V
HR  6095,245.4800609282779,19.153128540107776,3.759999990463257,4.03000020980835,A9IIIbn
HR  6102,248.3628438138967,-78.89714816863112,3.8540000915527344,4.7829999923706055,G8III
HR  6104,246.02574060841243,-20.03732005239416,4.5,5.53000020980835,K0-II-III
HR  6115,246.79600671349993,-47.5547936494661,4.520999908447266,4.439000129699707,B2V
HR  6118,246.75598154079785,-18.456249989236664,4.429999828338623,4.710000038146973,B2Vne
HR  6132,245.99785970199997,61.51420976085001,2.740000009536743,3.6500000953674316,G8-IIIab
HR  6143,247.84556033467496,-34.704368192821676,4.230000019073486,4.059999942779541,B2III-IV
HR  6147,247.7848623641479,-16.612730867286395,4.269999980926514,5.190000057220459,G8+IIIa
HR  6148,247.5550013403688,21.489610745563056,2.7699999809265137,3.700000047683716,G7IIIaFe-0.5
HR  6153,248.03416825649919,-21.466403368627223,4.449999809265137,4.559999942779541,ApSrEuCr
HR  6163,250.76941073843165,-77.51743314838694,4.239999771118164,5.300000190734863,K0III
HR  6165,248.97063688749995,-28.2160170875,2.809999942779541,2.559999942779541,B0V
HR  6166,249.09363126313713,-35.25533141158,4.156000137329102,5.730000019073486,K5III
HR  6168,248.52576011027003,42.43700948629999,4.196000099182129,4.177000045776367,B9V
HR  6175,249.2897502448742,-10.56708603964,2.559999942779541,2.5799999237060547,O9.2IVnn
HR  6212,250.32150433146228,31.602718703799262,2.799999952316284,3.430000066757202,G0IV
HR  6220,250.7240206060716,38.922254919646385,3.5,4.420000076293945,G7IIIFe-1
HR  6229,252.44648454732084,-59.041379347122216,3.74399995803833,5.306000232696533,K5III
HR  6247,252.96761814529,-38.04739946400001,2.9800000190734863,2.819999933242798,B1V+B
HR  6252,253.0839388325,-38.017534955277775,3.5420000553131104,3.3429999351501465,B2IV
HR  6271,253.645854299862,-42.36131583630056,3.619999885559082,4.989999771118164,K3III
HR  6281,253.50196471632205,10.165361384452224,4.380000114440918,4.300000190734863,B8V
HR  6285,254.65505223357658,-55.9901388628425,3.0759999752044678,4.701000213623047,K3III
HR  6295,254.89603381878212,-53.16043786885306,4.050000190734863,5.488999843597412,K3III
HR  6299,254.4170729283867,9.375029020125002,3.200000047683716,4.360000133514404,K2III
HR  6324,255.0723889947846,30.926404226060278,3.9200000762939453,3.9100000858306885,A0V
HR  6380,258.0383087285559,-43.239189530951116,3.3299999237060547,3.740000009536743,F5IV
HR  6406,258.66188642083335,14.390371047222223,3.3299999237060547,4.670000076293945,M5Ib-II
HR  6410,258.7579607430354,24.839206966655976,3.130000114440918,3.2100000381469727,A1IVn
HR  6418,258.76180935986537,36.80916154895945,3.180000066757202,4.610000133514404,K3II
HR  6445,260.251560504735,-21.112936391930834,4.38700008392334,4.751999855041504,F2V
HR  6446,260.20692403414034,-12.846876066316668,4.323999881744385,4.361000061035156,A0/1V
HR  6453,260.502413945,-24.99954638166667,3.259999990463257,3.0299999713897705,OB
HR  6461,261.3249491888263,-55.529881687777774,2.8499999046325684,4.309999942779541,K0/1Ib
HR  6462,261.3485804629167,-56.37772632638889,3.3399999141693115,3.2100000381469727,B1Ib
HR  6486,261.59256892034335,-24.175306945060278,4.1529998779296875,4.436999797821045,kA5hA9mF1III
HR  6492,261.8386484717475,-29.867034824494446,4.269000053405762,4.671999931335449,F5III-IV
HR  6498,261.62866972302993,4.14035937929,4.309999942779541,5.820000171661377,K2II
HR  6500,262.77463997460376,-60.68384495524666,3.619999885559082,3.5199999809265137,B8Vn
HR  6508,262.6909880116666,-37.295813475277775,2.6500000953674316,2.4800000190734863,B2IV
HR  6510,262.9603813675,-49.87614501138889,2.950000047683716,2.7799999713897705,B2Vne
HR  6526,262.68462425402,26.110645612289996,4.409999847412109,5.849999904632568,K3.5III
HR  6536,262.60817373291667,52.30138870861111,2.809999942779541,3.7899999618530273,G2Ib-IIa
HR  6546,264.13689643142993,-38.63524773571,4.267000198364258,5.35699987411499,G8/K0III/IV
HR  6561,264.39666582704876,-15.398555763609995,3.5190000534057617,3.7880001068115234,A9IIIpSr:
HR  6581,265.35363634760085,-12.875305267979446,4.228000164031982,4.309999942779541,A2Va
HR  6582,266.43328165493534,-64.72387146468638,3.5810000896453857,4.769000053405762,K2II
HR  6588,264.86619540844913,46.006331382789725,3.799999952316284,3.630000114440918,B3IV
HR  6603,265.86813295741786,4.567303668469166,2.75,3.930000066757202,K2IIICN0.5
HR  6615,266.89616445956506,-40.12699736232806,2.992000102996826,3.492000102996826,F2Ia
HR  6623,266.61478040032705,27.720711383034715,3.4200000762939453,4.170000076293945,G5IV
HR  6629,266.9731691245113,2.7072791218991665,3.75,3.799999952316284,A1VnkA0mA0
HR  6630,267.4645037403808,-37.04327637830389,3.2100000381469727,4.380000114440918,K2III
HR  6688,268.38220642831584,56.87264192915222,3.75,4.929999828338623,K2III
HR  6695,269.06325406138296,37.250536666711376,3.880000114440918,5.230000019073486,K1IIaCN2
HR  6698,269.7566342235884,-9.773633604669445,3.3399999141693115,4.329999923706055,G9IIIa
HR  6703,269.44119030886577,29.24787944585528,3.700000047683716,4.639999866485596,G8.5III
HR  6707,269.62562336379244,30.189274347854443,4.409999847412109,4.800000190734863,kA9hF2mF2(IV)
HR  6714,270.16131578875,2.93156483414,3.930000066757202,3.9600000381469727,B4Ib-II
HR  6723,270.4383228901304,1.3050850774647222,4.428999900817871,4.453000068664551,A0.5Van
HR  6743,271.65778414428,-50.09147988308306,3.6600000858306885,3.5799999237060547,B0.5Iab
HR  6745,272.1450665774567,-63.668561979886384,4.328000068664551,4.570000171661377,kA4hF0mF2III
HR  6746,271.45203374499994,-30.424089849444446,2.990000009536743,4.0,K0+III
HR  6752,271.363688269495,2.5000988299620857,4.03000020980835,4.889999866485596,K0-V
HR  6771,271.83743686336254,9.563846726640831,3.7300000190734863,3.8499999046325684,A5V
HR  6779,271.8856296342288,28.762491065638883,3.8269999027252197,3.802000045776367,B9.5III
HR  6787,272.1895496947258,20.81455682891472,4.3470001220703125,4.177000045776367,B2IV
HR  6812,273.4408701670833,-21.058831686944444,3.8499999046325684,4.070000171661377,B8Iab(e)
HR  6832,274.40682166227543,-36.76169016455027,3.109999895095825,4.670000076293945,M2III
HR  6855,275.80682218129,-61.49391192172,4.367000102996826,5.834000110626221,K4III
HR  6859,275.24851205687213,-29.828102262591386,2.6679999828338623,4.068999767303467,K2.5IIIaCN0.5
HR  6869,275.3275020516146,-2.8988279698980564,3.25,4.190000057220459,K0III-IV
HR  6872,274.9654546035813,36.06454748289472,4.340000152587891,5.510000228881836,K2-IIIabCN0.5
HR  6895,275.924540442535,21.769752669179447,3.8399999141693115,5.019999980926514,K2IIIab
HR  6897,276.74340176679584,-45.968457754716674,3.4630000591278076,3.2990000247955322,B3IV
HR  6905,277.20774737590614,-49.07058832071611,4.110000133514404,5.119999885559082,K1III-IV
HR  6913,276.99266966041665,-25.421698496944444,2.809999942779541,3.8499999046325684,K1IIIb
HR  6973,278.8017798215825,-8.24407051095861,3.8299999237060547,5.170000076293945,K3III
HR  6982,280.75890139645867,-71.42811561050279,4.002999782562256,5.138000011444092,K0III
HR  7039,281.41412309412124,-26.99078264511139,3.140000104904175,3.049999952316284,B8III
HR  7056,281.19315450619,37.60512165338167,4.360000133514404,4.550000190734863,kA5hF0VmF3
HR  7061,281.41552366368626,20.54630919062889,4.190000057220459,4.650000095367432,F5.5IV-V
HR  7063,281.79364256535,-4.74787304458,4.21999979019165,5.309999942779541,G4IIa
HR  7069,281.75514297006,18.18151606222,4.360000133514404,4.489999771118164,AVa+
HR  7074,283.0543076300271,-62.18759092175556,4.206999778747559,4.047999858856201,B2Ve
HR  7106,282.51997976764824,33.36266676977778,3.4200000762939453,3.4200000762939453,B8.5Ib-II
HR  7107,284.23762080635,-67.23349478091,4.400000095367432,5.079999923706055,G5Iab/b
HR  7139,283.6261778687371,36.89861990961611,4.300000190734863,5.96999979019165,M4II
HR  7150,284.4325007886946,-21.1066575942875,3.509999990463257,4.690000057220459,G8/K0II/III
HR  7157,283.8337597401192,43.946089580494444,4.0,5.590000152587891,M4.5III
HR  7176,284.90565157804997,15.06828104146,4.019999980926514,5.099999904632568,K1-IIICN0.5
HR  7178,284.73592734438125,32.68955574065722,3.25,3.200000047683716,B9.5II-III
HR  7193,285.420120295185,-5.739089504799445,4.019999980926514,5.110000133514404,K1III
HR  7194,285.6530426563352,-29.88006330096877,2.5899999141693115,2.690000057220459,A2.5Va
HR  7217,286.17075850011827,-21.741495958675554,3.7699999809265137,4.769999980926514,G9IIIb
HR  7234,286.73501297132,-27.67041563722,3.309999942779541,4.510000228881836,K1.5IIIb
HR  7235,286.35253339791666,13.86347728111111,2.990000009536743,3.0,A0IV-Vnn
HR  7236,286.56224439258,-4.88256274593,3.430000066757202,3.3399999141693115,B8.5V
HR  7254,287.3680896456666,-37.90447440014084,4.086999893188477,4.145999908447266,A2Va
HR  7259,287.5073196896108,-39.3407926854625,4.09499979019165,5.281000137329102,K0II/IIICNIb
HR  7264,287.440970525,-21.023613981944443,2.880000114440918,3.2200000286102295,F2II-III
HR  7298,288.4395350838295,39.14596601124306,4.3979997634887695,4.243000030517578,B6
HR  7314,289.0920557052191,38.1337420450175,4.380000114440918,5.639999866485596,K0II
HR  7328,289.27570134506874,53.36845827781306,3.759999990463257,4.730000019073486,G9III
HR  7337,290.65958004976,-44.45895838469,4.010000228881836,3.9100000858306885,B9V
HR  7340,290.4181660991359,-17.847198585185275,3.930000066757202,4.150000095367432,A9IV
HR  7343,290.80473985061576,-44.79977880009028,4.269999980926514,4.60099983215332,F2/3V
HR  7348,290.97156416063837,-40.615937202693054,3.943000078201294,3.8410000801086426,B8V
HR  7377,291.3745891389376,3.114779474957126,3.359999895095825,3.680000066757202,F1IV-V(n)
HR  7405,292.176374672262,24.664905852074995,4.449999809265137,5.949999809265137,M0.5IIIb
HR  7417,292.68031501400833,27.959673631221666,3.0799999237060547,4.210000038146973,K3II+B9.5V
HR  7420,292.4264926137312,51.729777922052214,3.755000114440918,3.8989999294281006,A5V
HR  7429,293.5223041337724,7.378940091535001,4.449999809265137,5.630000114440918,K3-IIIbFe0.5
HR  7447,294.18032376199994,-1.2865996151100005,4.360000133514404,4.28000020980835,B5III
HR  7469,294.11055446568747,50.22110138999945,4.480000019073486,4.860000133514404,F3+V
HR  7479,295.02413054827,18.01389072819,4.380000114440918,5.159999847412109,G1II
HR  7488,295.26224564633,17.476042411220003,4.380000114440918,5.429999828338623,G8IIIaCN0.5
HR  7525,296.5649123092774,10.6132587226325,2.7200000286102295,4.230000019073486,K3II
HR  7528,296.24365384430797,45.13081463141527,2.869999885559082,2.8499999046325684,B9.5IV
HR  7536,296.84693998883,18.534313571179997,3.809999942779541,5.119999885559082,M2II+B0V
HR  7564,297.6413389293104,32.91404875869277,4.239999771118164,6.059999942779541,S6-9/1-2e
HR  7570,298.1182038432421,1.0056588834763889,3.799999952316284,4.610000133514404,F6Iab+B9.8V
HR  7581,298.81539480844083,-41.868304455765,4.130000114440918,5.210000038146973,K0II/III
HR  7590,300.14813137628624,-72.9105035987675,3.940000057220459,3.927000045776367,A0Va
HR  7602,298.8283035123829,6.406764233985,3.7100000381469727,4.559999942779541,G8IV
HR  7615,299.07654932216917,35.08342288549805,3.880000114440918,4.909999847412109,K0III
HR  7623,299.93407914614124,-35.27630831684028,4.369999885559082,4.21999979019165,B3IV
HR  7635,299.68928429315497,19.492146130476666,3.4700000286102295,5.039999961853027,M0-III
HR  7665,302.1817036316884,-66.18206743589695,3.559999942779541,4.320000171661377,G8IV
HR  7710,302.82619454879625,-0.8214635937475,3.2200000286102295,3.1500000953674316,B9.5III
HR  7735,303.4079509877,46.74132267168,3.799999952316284,5.079999923706055,K3Ib+B2IV-V
HR  7740,303.3494419308303,56.567723135216944,4.270999908447266,4.383999824523926,A3IV-Vn
HR  7747,304.41195470044,-12.50821218603,4.269999980926514,5.340000152587891,G3Ib
HR  7751,303.8680175512,47.71422609236,3.9800000190734863,5.5,K7Ib-II+B1V
HR  7754,304.5135649821425,-12.544852120195275,3.5799999237060547,4.510000228881836,G9III
HR  7776,305.25277749238,-14.78140760208,3.0799999237060547,3.869999885559082,G9II:+B8p:Si:
HR  7806,305.96505748844504,32.190133789770556,4.440000057220459,5.769999980926514,K2.5IIIFe-0.5
HR  7834,307.3488980559021,30.368555292302222,4.010000228881836,4.420000076293945,F5Ib-II
HR  7850,307.39543861014,62.99411033485,4.21999979019165,4.420000076293945,A7III
HR  7852,308.30322026626874,11.303266387445278,4.03000020980835,3.9000000953674316,B6IV
HR  7869,309.3918007182825,-47.29150144924972,3.109999895095825,4.110000133514404,K0III-IV
HR  7882,309.3872554152033,14.5950887473128,3.630000114440918,4.070000171661377,F5IV
HR  7884,309.5845187022,-1.10511725043,4.329999923706055,5.289999961853027,G7.5IIIa
HR  7906,309.90949848153707,15.912160008943609,3.799999952316284,3.740000009536743,B9IV
HR  7913,311.2395566340129,-66.2032115835414,3.4079999923706055,3.5769999027252197,A7III
HR  7928,310.8647231393717,15.074578684846113,4.416999816894531,4.701000213623047,kA7hF1VmF1pSrEuCr:
HR  7936,311.5238874801846,-25.27089819194861,4.122000217437744,4.538000106811523,F5V
HR  7942,311.41563797232584,30.719714539576106,4.230000019073486,5.289999961853027,K0IIIa
HR  7948,311.66458259985995,16.124293954090003,4.25,5.260000228881836,K1IV
HR  7950,311.9189565534167,-9.495776926900833,3.7699999809265137,3.7699999809265137,B9.5V
HR  7951,311.9343269618446,-5.027701147756111,4.440000057220459,6.110000133514404,M3III
HR  7957,311.3223965313,61.838781731080005,3.4100000858306885,4.320000171661377,K0IV
HR  7980,312.95537723912,-26.91913484546,4.119999885559082,5.75,M0IIIBa0.5
HR  7986,313.7024920504803,-58.45414476248056,3.6500000953674316,4.900000095367432,K1II
HR  8028,314.2934113771354,41.16713095223666,3.940000057220459,3.9600000381469727,A0IIIn
HR  8075,316.4867853131225,-17.232862837423333,4.070000171661377,4.059999942779541,A1V
HR  8079,316.23274973463543,43.92785334950944,3.7300000190734863,5.389999866485596,K4.5Ib-II
HR  8080,316.7819506660321,-25.00585263557027,4.5,6.110000133514404,M1-III
HR  8115,318.23410828951364,30.226898680620003,3.2100000381469727,4.199999809265137,G8+III-IIIaBa0.5
HR  8123,318.6200637820833,10.006979410555555,4.489999771118164,4.989999771118164,F7(V)+G0(V)
HR  8130,318.69788551128704,38.04531781602413,3.7300000190734863,4.119999885559082,F2IV
HR  8131,318.95598819687746,5.247891952405833,3.933000087738037,4.446000099182129,G6IV+B9.5V
HR  8140,319.96662273615,-53.44942607516,4.482999801635742,4.640999794006348,A5IV-V
HR  8143,319.3539677916984,39.394679733096666,4.239999771118164,4.369999885559082,B9Iab
HR  8146,319.47952439516996,34.8968959621,4.420000076293945,4.320000171661377,B2Vne
HR  8167,320.5616499287887,-16.834543892793892,4.269999980926514,5.179999828338623,G7IIIFe-1.5
HR  8173,320.5216645640862,19.804510421934445,4.090000152587891,5.199999809265137,K1III
HR  8181,321.61085409436373,-65.3661980715336,4.21999979019165,4.699999809265137,F9VFe-1.4CH-0.7
HR  8204,321.66679439709753,-22.41132034516556,3.740000009536743,4.75,G4Ib:Ba2
HR  8232,322.88971698347876,-5.5711748280636115,2.890000104904175,3.7100000381469727,G0Ib
HR  8252,323.4952210208758,45.59183890429417,4.019999980926514,4.909999847412109,G8IIIFe-0.5
HR  8254,325.3689251479717,-77.39000876162,3.7279999256134033,4.744999885559082,K1III
HR  8278,325.0226892543413,-16.66237119824361,3.6700000762939453,3.9800000190734863,kF0hF1VmF2
HR  8305,326.2367069546779,-33.02578182224082,4.340000152587891,4.289999961853027,A0IV
HR  8313,326.12789917532706,17.35001747222167,4.349999904632568,5.519999980926514,G5Ib
HR  8315,326.16139676550046,25.645037762581552,4.135000228881836,4.552999973297119,F5V
HR  8316,325.8769148160595,58.78004609373167,4.079999923706055,6.429999828338623,M2-Ia
HR  8322,326.76018433125,-16.12728708527778,2.8299999237060547,3.119999885559082,kA5hF0mF2III
HR  8334,326.36218806843,61.12080560639389,4.289999961853027,4.809999942779541,A2Iae
HR  8335,326.69837408038626,49.309570627924444,4.179999828338623,4.110000133514404,B2.5III
HR  8353,328.48215125261004,-37.36487221701779,3.009999990463257,2.890000104904175,B8IV-Vs
HR  8368,329.4796203652821,-54.992598152250835,4.389999866485596,4.679999828338623,F0IV
HR  8411,331.52868672390497,-39.543353005568605,4.458000183105469,5.8429999351501465,K3III
HR  8414,331.4459814409479,-0.3198509554241667,2.940000057220459,3.9000000953674316,G2Ib
HR  8418,331.60928058509376,-13.869680561132501,4.269999980926514,4.199999809265137,B8V
HR  8430,331.75277295908,25.345098996239997,3.7699999809265137,4.199999809265137,F5V
HR  8431,332.09588059226,-32.98846990784,4.5,4.550000190734863,A1.5IVn
HR  8450,332.5499525505046,6.1979215882049985,3.549999952316284,3.619999885559082,A1Va
HR  8454,332.49684591383624,33.178222333123884,4.289999961853027,4.75,F5II-III_sh
HR  8465,332.71365710650707,58.20126183406695,3.3499999046325684,4.900000095367432,K1.5Ib
HR  8485,333.46969795057,39.7149246777,4.489999771118164,5.880000114440918,K2.5III
HR  8498,333.9924037482759,37.74873522918861,4.150000095367432,5.610000133514404,K3-II-III
HR  8499,334.20848618584,-7.783288742531944,4.159999847412109,5.150000095367432,G9II
HR  8502,334.62546848872375,-60.259629544748336,2.819999933242798,4.179999828338623,K3III
HR  8518,335.41404820054,-1.38734919411,3.8340001106262207,3.7909998893737793,A0V
HR  8538,335.8900971399658,52.22904671718861,4.440000057220459,5.460000038146973,G9IIIbCa1
HR  8540,336.8331794778799,-64.96636020576,4.489999771118164,4.480000019073486,B9Vn
HR  8556,337.31739147484666,-43.49556159542195,3.9700000286102295,5.0,G6/8III
HR  8559,337.2078700438454,-0.019964649560277777,4.340000152587891,4.789999961853027,F2V+
HR  8560,337.4393047889025,-43.749218877369444,4.110000133514404,5.679999828338623,M4.5IIIa
HR  8571,337.29276110013086,58.415193781569435,3.75,4.349999904632568,F5Iab:+B7-8
HR  8572,337.3826173137183,47.706905899615,4.369999885559082,6.050000190734863,K9Ia+B2V
HR  8576,337.8763771806121,-32.34607529737001,4.289999961853027,4.300000190734863,A1Va
HR  8585,337.8229225889383,50.28249164252277,3.7699999809265137,3.7799999713897705,A1V
HR  8597,338.8390890307466,-0.11749740658833335,4.03000020980835,3.950000047683716,B8/9V
HR  8628,340.16395106838996,-27.04361529214,4.177000045776367,4.071000099182129,B7III
HR  8630,341.51462908375,-81.38161444027777,4.127999782562256,4.333000183105469,A9IV/V
HR  8632,340.12857697935914,44.27630746036666,4.460000038146973,5.789999961853027,K2.5III
HR  8634,340.36550299,10.831363310277778,3.4100000858306885,3.3299999237060547,B8.5IV
HR  8650,340.75053685395,30.221214713719995,2.950000047683716,3.809999942779541,G8II+F0V
HR  8665,341.67324939263915,12.172885794474443,4.199999809265137,4.690000057220459,F6V
HR  8667,341.63282462498836,23.565656099650834,3.930000066757202,5.0,G8IIIaCN0.5
HR  8675,342.13874192297,-51.31686481202,3.4660000801086426,3.555999994277954,A2IVn
HR  8679,342.39792075111455,-13.592628543936945,3.9800000190734863,5.570000171661377,M0III
HR  8684,342.50080447836956,24.601581283481668,3.4800000190734863,4.420000076293945,G8+III
HR  8695,343.13137565518,-32.87546048931001,4.510000228881836,4.460000038146973,A0VpSrCrEu
HR  8698,343.15364185224,-7.57959692371,3.7899999618530273,5.440000057220459,M2.5IIIFe-0.5
HR  8709,343.66252607413,-15.820819565200004,3.2799999713897705,3.3299999237060547,A3Vp
HR  8720,343.98708414699,-32.53962393681,4.208000183105469,5.171999931335449,G8III
HR  8747,345.22003148243,-52.75411085788,4.114999771118164,5.085999965667725,K1IIIFe-1.2CN-0.5
HR  8762,345.4802708143367,42.32601551823333,3.619999885559082,3.5299999713897705,B6IV/V_sh
HR  8787,346.71971026132354,-43.52035714808552,4.331999778747559,4.730000019073486,kF3VhF5mF5(II-III)
HR  8789,346.6701988318,-23.74299001927,4.46999979019165,5.369999885559082,G6IIIb
HR  8812,347.36165018724955,-21.172415205008054,3.640000104904175,4.869999885559082,K1.5III
HR  8820,347.5897011042054,-45.246709468953334,3.877000093460083,4.876999855041504,K1III
HR  8834,348.58065933507993,-6.049006424670001,4.21999979019165,5.769999980926514,M1.5III
HR  8841,348.97289187323753,-9.087734712236944,4.25,5.360000133514404,K1-IIIFe-0.5
HR  8848,349.35731852264,-58.23570137616001,3.9800000190734863,4.369999885559082,F4V
HR  8852,349.291404638535,3.282290469004722,3.700000047683716,4.619999885559082,G9III:Fe-2
HR  8858,349.4758905025,-9.182518756666665,4.400000095367432,4.260000228881836,B5V
HR  8863,349.7059899949562,-32.5320219169586,4.406000137329102,5.5279998779296875,K1III
HR  8892,350.7426076279984,-20.100582088853056,3.9800000190734863,5.079999923706055,K1III
HR  8905,351.34492863566044,23.40410081022638,4.400000095367432,5.010000228881836,F8III
HR  8906,351.51160776192575,-20.642017986579994,4.389999866485596,5.860000133514404,K4.5III
HR  8916,351.9920611016038,6.378992306441944,4.300000190734863,5.380000114440918,K0.5III
HR  8937,353.2427529291475,-37.81828488197584,4.369999885559082,4.28000020980835,B9.5IIIpHgMnSi
HR  8961,354.39101158367913,46.45815131141917,3.819999933242798,4.840000152587891,G8IVk
HR  8965,354.53416793938504,43.26807305495556,4.289999961853027,4.179999828338623,B8V
HR  8969,354.9876691817333,5.626292753319723,4.119999885559082,4.619999885559082,F7V
HR  8976,355.10211557957956,44.33393296378723,4.139999866485596,4.059999942779541,B9IVn
HR  8984,355.51168899749325,1.7800421380697224,4.510000228881836,4.71999979019165,A7V
HR  8988,355.6806054328888,-14.544905529166666,4.484000205993652,4.447999954223633,B9.5V
HR  9076,359.9790714155233,-65.57713261825444,4.46999979019165,4.380000114440918,B8V
HR  9089,0.49008113222000005,-6.01407055668,4.409999847412109,6.039999961853027,M3III
